zona 1:

<coordinates>
18.684429,45.560721,0.0
18.684525,45.559226,0.0
18.682659,45.559091,0.0
18.683506,45.553171,0.0
18.682530,45.553141,0.0
18.680770,45.554494,0.0
18.678303,45.554539,0.0
18.678163,45.556267,0.0
18.675588,45.557701,0.0
18.676028,45.560594,0.0
18.680298,45.562201,0.0
18.682637,45.562246,0.0
18.684311,45.560849,0.0
</coordinates>

zona 2:
<coordinates>
18.675063,45.563846,0.0
18.676425,45.563486,0.0
18.676640,45.563125,0.0
18.676382,45.562321,0.0
18.674086,45.562284,0.0
18.673711,45.561412,0.0
18.675406,45.561217,0.0
18.675288,45.560669,0.0
18.672509,45.560969,0.0
18.670911,45.561976,0.0
18.671093,45.562464,0.0
18.672734,45.561833,0.0
18.673035,45.562652,0.0
18.671404,45.563320,0.0
18.672284,45.564590,0.0
18.675044,45.563850,0.0
18.675234,45.557356,0.0
18.674419,45.554569,0.0
18.675653,45.554494,0.0
18.676264,45.557416,0.0
18.675288,45.557360,0.0
18.682380,45.561795,0.0
18.682401,45.561495,0.0
18.685062,45.561585,0.0
18.685727,45.556717,0.0
18.682637,45.556507,0.0
18.682723,45.555816,0.0
18.686221,45.556026,0.0
18.687079,45.556567,0.0
18.688302,45.556297,0.0
18.687658,45.555335,0.0
18.687937,45.554584,0.0
18.688796,45.554509,0.0
18.689203,45.555996,0.0
18.693581,45.555004,0.0
18.695018,45.558821,0.0
18.686264,45.560564,0.0
18.685963,45.561555,0.0
18.688109,45.562036,0.0
18.687809,45.562787,0.0
18.682417,45.561818,0.0
</coordinates>

<coordinates>
18.716637,45.556364,0.0
18.716626,45.555929,0.0
18.720328,45.554817,0.0
18.720757,45.555042,0.0
18.720242,45.556124,0.0
18.722087,45.556605,0.0
18.721915,45.556950,0.0
18.720102,45.556710,0.0
18.719695,45.557461,0.0
18.718847,45.557544,0.0
18.719029,45.556642,0.0
18.716744,45.556447,0.0
18.716701,45.556387,0.0
</coordinates>

zona 3:
<coordinates>
18.678340,45.562111,0.0
18.677308,45.562239,0.0
18.677541,45.562719,0.0
18.678464,45.562588,0.0
18.678344,45.562117,0.0
18.675374,45.561240,0.0
18.674376,45.561307,0.0
18.674526,45.562051,0.0
18.675535,45.561901,0.0
18.675379,45.561241,0.0
18.680508,45.556267,0.0
18.679268,45.556248,0.0
18.679322,45.556905,0.0
18.680438,45.556894,0.0
18.680510,45.556267,0.0
</coordinates>

